1 1 1 1 4 4 4 (3,3)=시작
1 3 0 1 1 4 4
1 3 0 0 1 4 4
1 3 0 2 1 4 4
1 1 2 0 1 1 1
4 1 0 2 0 0 1
4 1 0 0 0 0 1
4 1 0 0 1 1 1
4 1 1 1 1 4 4

4 4 4 4 4 4 4 4 4 4
4 4 4 4 4 4 4 4 4 4
4 4 1 1 1 1 1 4 4 4 
4 4 1 0 0 0 1 4 4 4 
4 4 1 3 3 3 1 4 4 4 
4 4 1 2 2 2 1 1 4 4 
4 4 1 0 0 0 0 1 4 4 
4 4 1 0 0 0 0 1 4 4 
4 4 1 1 1 1 1 1 4 4 (5,8)->시작

4 4 4 4 4 4 4 4 4 4 
4 4 4 4 4 4 4 4 4 4 
4 4 1 1 1 1 1 1 1 4 
4 4 1 0 0 0 0 0 1 4 
4 4 1 0 3 2 3 0 1 4
4 4 1 0 2 3 2 0 1 4
4 4 1 0 3 2 3 0 1 4 
4 4 1 0 0 0 0 0 1 4
4 4 1 1 1 1 1 1 1 4 (6,8)->시작

4 4 4 4 4 4 4 4 4 4
4 4 4 4 4 4 4 4 4 4
4 4 4 4 4 4 4 4 4 4
4 1 1 1 1 1 1 1 1 4
4 1 3 0 0 0 0 0 1 4
4 1 0 3 2 2 2 0 1 4
4 1 3 0 0 0 0 0 1 4 
4 1 1 1 1 1 0 0 1 4
4 4 4 4 4 1 1 1 1 4 (8,6)->시작

4 4 4 4 4 4 4 4 4 4
4 4 4 4 4 4 4 4 4 4
4 1 1 1 1 4 4 4 4 4
4 1 0 0 1 1 1 1 4 4 
4 1 0 0 0 0 0 1 1 4 
1 1 0 1 1 0 0 0 1 4
1 3 0 3 1 0 0 2 1 1 
1 0 0 0 1 0 2 2 0 1
1 0 0 3 1 0 0 0 0 1
1 1 1 1 1 1 1 1 1 1 (7,7)->시작